-3.5074192986095376E-6
1.3251306306027999E-5
-7.360524402366675E-6
3.161061967515977E-6
-2.122756670885906E-6
1.5536535314941702E-6
1.5180420778193593E-6
1.7877983526926045E-6
4.207053125315774E-6
6.619634340676583E-7
5.11064176478282E-7
-1.6631509455411475E-5
4.964335526047581E-6
-3.3723648217298674E-6
1.0535887328022575E-5
3.479442984843928E-7
1.9002931350708963E-7
4.510666532508978E-7
8.954758752843794E-7
1.6690209891923047E-7
-5.021166142732403E-7
-5.31588536523131E-8
-1.0554110392857474E-6
-3.5876777850774033E-6
-2.5629271968030665E-6
-9.984057118384015E-6
-3.4424624988371733E-6
5.858750244724931E-6
2.6364995662497837E-6
3.1546622250577805E-6
-1.109011121003256E-5
